ID	logMb	logRb	minSigma	maxSigma
0.0	8.5	-1.0	3.4508877	9.055518

1.0	8.5	-0.95	3.4999304	8.961156

2.0	8.5	-0.9	3.5488577	8.868062

3.0	8.5	-0.85	3.5976548	8.776446

4.0	8.5	-0.8	3.646307	8.68655

5.0	8.5	-0.75	3.6947966	8.598593

6.0	8.5	-0.7	3.7431045	8.512813

7.0	8.5	-0.65	3.7912083	8.429434

8.0	8.5	-0.6000000000000001	3.8390853	8.348646

9.0	8.5	-0.55	3.8867078	8.270607

10.0	8.5	-0.5	3.934046	8.195425

11.0	8.5	-0.45000000000000007	3.9810672	8.1231365

12.0	8.5	-0.4	4.0277343	8.053703

13.0	8.5	-0.3500000000000001	4.074006	7.987012

14.0	8.5	-0.30000000000000004	4.119838	7.922902

15.0	8.5	-0.2500000000000001	4.16518	7.861101

16.0	8.5	-0.20000000000000007	4.2099767	7.801318

17.0	8.5	-0.15000000000000002	4.254167	7.743211

18.0	8.5	-0.10000000000000009	4.2976837	7.686414

19.0	8.5	-0.050000000000000044	4.3404546	7.6305537

20.0	8.5	-1.1102230246251565e-16	4.3823977	7.575275

21.0	8.5	0.04999999999999982	4.423427	7.520228

22.0	8.5	0.09999999999999987	4.463446	7.46509

23.0	8.5	0.1499999999999999	4.5023527	7.409583

24.0	8.5	0.19999999999999996	4.5400352	7.3534594

25.0	8.5	0.25	4.5763736	7.296506

26.0	8.5	0.2999999999999998	4.611241	7.2385516

27.0	8.5	0.34999999999999987	4.6445017	7.1794596

28.0	8.5	0.3999999999999999	4.676013	7.1191235

29.0	8.5	0.44999999999999996	4.7056246	7.0574737

30.0	8.5	0.4999999999999998	4.733181	6.9944615

31.0	8.5	0.5499999999999998	4.758522	6.9300632

32.0	8.5	0.5999999999999999	4.781484	6.864274

33.0	8.5	0.6499999999999999	4.8019023	6.7971053

34.0	8.5	0.7	4.819612	6.7285805

35.0	8.588235294117647	-1.0	3.5391226	9.143753

36.0	8.588235294117647	-0.95	3.5881658	9.049391

37.0	8.588235294117647	-0.9	3.6370926	8.956297

38.0	8.588235294117647	-0.85	3.68589	8.864681

39.0	8.588235294117647	-0.8	3.734542	8.774785

40.0	8.588235294117647	-0.75	3.7830315	8.686828

41.0	8.588235294117647	-0.7	3.8313391	8.6010475

42.0	8.588235294117647	-0.65	3.8794434	8.51767

43.0	8.588235294117647	-0.6000000000000001	3.92732	8.43688

44.0	8.588235294117647	-0.55	3.9749427	8.358842

45.0	8.588235294117647	-0.5	4.0222807	8.28366

46.0	8.588235294117647	-0.45000000000000007	4.069302	8.211371

47.0	8.588235294117647	-0.4	4.115969	8.141938

48.0	8.588235294117647	-0.3500000000000001	4.162241	8.075247

49.0	8.588235294117647	-0.30000000000000004	4.208073	8.011137

50.0	8.588235294117647	-0.2500000000000001	4.253415	7.9493365

51.0	8.588235294117647	-0.20000000000000007	4.2982116	7.889553

52.0	8.588235294117647	-0.15000000000000002	4.3424015	7.8314457

53.0	8.588235294117647	-0.10000000000000009	4.385919	7.774648

54.0	8.588235294117647	-0.050000000000000044	4.4286895	7.7187886

55.0	8.588235294117647	-1.1102230246251565e-16	4.470633	7.66351

56.0	8.588235294117647	0.04999999999999982	4.511662	7.608463

57.0	8.588235294117647	0.09999999999999987	4.551681	7.5533247

58.0	8.588235294117647	0.1499999999999999	4.5905876	7.4978175

59.0	8.588235294117647	0.19999999999999996	4.6282697	7.4416947

60.0	8.588235294117647	0.25	4.664608	7.384741

61.0	8.588235294117647	0.2999999999999998	4.699476	7.3267865

62.0	8.588235294117647	0.34999999999999987	4.7327366	7.267694

63.0	8.588235294117647	0.3999999999999999	4.764248	7.207359

64.0	8.588235294117647	0.44999999999999996	4.7938595	7.1457086

65.0	8.588235294117647	0.4999999999999998	4.821416	7.0826964

66.0	8.588235294117647	0.5499999999999998	4.846757	7.018298

67.0	8.588235294117647	0.5999999999999999	4.869719	6.952509

68.0	8.588235294117647	0.6499999999999999	4.890137	6.88534

69.0	8.588235294117647	0.7	4.907847	6.8168154

70.0	8.676470588235293	-1.0	3.6273587	9.231989

71.0	8.676470588235293	-0.95	3.6764014	9.137626

72.0	8.676470588235293	-0.9	3.7253284	9.044533

73.0	8.676470588235293	-0.85	3.7741256	8.952917

74.0	8.676470588235293	-0.8	3.8227777	8.863021

75.0	8.676470588235293	-0.75	3.8712673	8.7750635

76.0	8.676470588235293	-0.7	3.9195752	8.689283

77.0	8.676470588235293	-0.65	3.9676793	8.605905

78.0	8.676470588235293	-0.6000000000000001	4.015556	8.525117

79.0	8.676470588235293	-0.55	4.0631785	8.447079

80.0	8.676470588235293	-0.5	4.110517	8.371896

81.0	8.676470588235293	-0.45000000000000007	4.157538	8.299607

82.0	8.676470588235293	-0.4	4.204205	8.230174

83.0	8.676470588235293	-0.3500000000000001	4.250477	8.163483

84.0	8.676470588235293	-0.30000000000000004	4.296309	8.099373

85.0	8.676470588235293	-0.2500000000000001	4.341651	8.037572

86.0	8.676470588235293	-0.20000000000000007	4.3864474	7.977789

87.0	8.676470588235293	-0.15000000000000002	4.430638	7.9196815

88.0	8.676470588235293	-0.10000000000000009	4.4741545	7.862884

89.0	8.676470588235293	-0.050000000000000044	4.5169253	7.8070245

90.0	8.676470588235293	-1.1102230246251565e-16	4.558869	7.7517457

91.0	8.676470588235293	0.04999999999999982	4.599898	7.6966987

92.0	8.676470588235293	0.09999999999999987	4.639917	7.6415606

93.0	8.676470588235293	0.1499999999999999	4.6788235	7.586054

94.0	8.676470588235293	0.19999999999999996	4.7165055	7.52993

95.0	8.676470588235293	0.25	4.752844	7.4729767

96.0	8.676470588235293	0.2999999999999998	4.7877116	7.4150224

97.0	8.676470588235293	0.34999999999999987	4.8209724	7.35593

98.0	8.676470588235293	0.3999999999999999	4.8524833	7.2955947

99.0	8.676470588235293	0.44999999999999996	4.8820953	7.2339444

100.0	8.676470588235293	0.4999999999999998	4.9096518	7.1709323

101.0	8.676470588235293	0.5499999999999998	4.934993	7.106534

102.0	8.676470588235293	0.5999999999999999	4.957955	7.040745

103.0	8.676470588235293	0.6499999999999999	4.978373	6.973576

104.0	8.676470588235293	0.7	4.996083	6.905051

105.0	8.764705882352942	-1.0	3.7155936	9.320224

106.0	8.764705882352942	-0.95	3.7646363	9.225861

107.0	8.764705882352942	-0.9	3.8135633	9.132767

108.0	8.764705882352942	-0.85	3.8623605	9.041152

109.0	8.764705882352942	-0.8	3.911013	8.951256

110.0	8.764705882352942	-0.75	3.9595022	8.863299

111.0	8.764705882352942	-0.7	4.00781	8.777518

112.0	8.764705882352942	-0.65	4.055914	8.6941395

113.0	8.764705882352942	-0.6000000000000001	4.1037908	8.613352

114.0	8.764705882352942	-0.55	4.1514134	8.535313

115.0	8.764705882352942	-0.5	4.198752	8.460131

116.0	8.764705882352942	-0.45000000000000007	4.245773	8.387842

117.0	8.764705882352942	-0.4	4.2924395	8.318409

118.0	8.764705882352942	-0.3500000000000001	4.338712	8.251718

119.0	8.764705882352942	-0.30000000000000004	4.384544	8.187608

120.0	8.764705882352942	-0.2500000000000001	4.429886	8.125807

121.0	8.764705882352942	-0.20000000000000007	4.4746823	8.066024

122.0	8.764705882352942	-0.15000000000000002	4.5188723	8.007916

123.0	8.764705882352942	-0.10000000000000009	4.56239	7.9511194

124.0	8.764705882352942	-0.050000000000000044	4.60516	7.8952594

125.0	8.764705882352942	-1.1102230246251565e-16	4.6471033	7.8399806

126.0	8.764705882352942	0.04999999999999982	4.688133	7.7849336

127.0	8.764705882352942	0.09999999999999987	4.728152	7.729796

128.0	8.764705882352942	0.1499999999999999	4.7670584	7.6742887

129.0	8.764705882352942	0.19999999999999996	4.8047404	7.618165

130.0	8.764705882352942	0.25	4.841079	7.5612116

131.0	8.764705882352942	0.2999999999999998	4.8759465	7.5032573

132.0	8.764705882352942	0.34999999999999987	4.9092073	7.4441648

133.0	8.764705882352942	0.3999999999999999	4.940718	7.3838296

134.0	8.764705882352942	0.44999999999999996	4.97033	7.3221793

135.0	8.764705882352942	0.4999999999999998	4.9978867	7.259167

136.0	8.764705882352942	0.5499999999999998	5.0232277	7.1947694

137.0	8.764705882352942	0.5999999999999999	5.04619	7.1289797

138.0	8.764705882352942	0.6499999999999999	5.066608	7.061811

139.0	8.764705882352942	0.7	5.0843177	6.993286

140.0	8.852941176470589	-1.0	3.8038292	9.40846

141.0	8.852941176470589	-0.95	3.8528721	9.314097

142.0	8.852941176470589	-0.9	3.9017992	9.221004

143.0	8.852941176470589	-0.85	3.9505966	9.129388

144.0	8.852941176470589	-0.8	3.9992485	9.039492

145.0	8.852941176470589	-0.75	4.047738	8.951534

146.0	8.852941176470589	-0.7	4.096046	8.865754

147.0	8.852941176470589	-0.65	4.14415	8.782375

148.0	8.852941176470589	-0.6000000000000001	4.1920266	8.701587

149.0	8.852941176470589	-0.55	4.2396493	8.6235485

150.0	8.852941176470589	-0.5	4.286988	8.548367

151.0	8.852941176470589	-0.45000000000000007	4.3340087	8.476078

152.0	8.852941176470589	-0.4	4.380676	8.406645

153.0	8.852941176470589	-0.3500000000000001	4.4269476	8.339953

154.0	8.852941176470589	-0.30000000000000004	4.4727798	8.275844

155.0	8.852941176470589	-0.2500000000000001	4.5181217	8.214043

156.0	8.852941176470589	-0.20000000000000007	4.562918	8.15426

157.0	8.852941176470589	-0.15000000000000002	4.607108	8.096152

158.0	8.852941176470589	-0.10000000000000009	4.650625	8.039355

159.0	8.852941176470589	-0.050000000000000044	4.693396	7.983495

160.0	8.852941176470589	-1.1102230246251565e-16	4.7353396	7.9282165

161.0	8.852941176470589	0.04999999999999982	4.7763686	7.8731694

162.0	8.852941176470589	0.09999999999999987	4.8163877	7.8180313

163.0	8.852941176470589	0.1499999999999999	4.855294	7.7625246

164.0	8.852941176470589	0.19999999999999996	4.8929763	7.706401

165.0	8.852941176470589	0.25	4.929315	7.6494474

166.0	8.852941176470589	0.2999999999999998	4.9641824	7.591493

167.0	8.852941176470589	0.34999999999999987	4.997443	7.5324006

168.0	8.852941176470589	0.3999999999999999	5.0289545	7.4720654

169.0	8.852941176470589	0.44999999999999996	5.058566	7.410415

170.0	8.852941176470589	0.4999999999999998	5.0861225	7.347403

171.0	8.852941176470589	0.5499999999999998	5.1114635	7.2830048

172.0	8.852941176470589	0.5999999999999999	5.1344256	7.2172155

173.0	8.852941176470589	0.6499999999999999	5.154844	7.150047

174.0	8.852941176470589	0.7	5.1725535	7.081522

175.0	8.941176470588236	-1.0	3.892064	9.496695

176.0	8.941176470588236	-0.95	3.941107	9.402332

177.0	8.941176470588236	-0.9	3.990034	9.3092375

178.0	8.941176470588236	-0.85	4.0388317	9.217623

179.0	8.941176470588236	-0.8	4.0874834	9.127727

180.0	8.941176470588236	-0.75	4.135973	9.03977

181.0	8.941176470588236	-0.7	4.184281	8.953989

182.0	8.941176470588236	-0.65	4.232385	8.87061

183.0	8.941176470588236	-0.6000000000000001	4.2802615	8.789822

184.0	8.941176470588236	-0.55	4.327884	8.711783

185.0	8.941176470588236	-0.5	4.375222	8.636601

186.0	8.941176470588236	-0.45000000000000007	4.4222436	8.564313

187.0	8.941176470588236	-0.4	4.4689107	8.49488

188.0	8.941176470588236	-0.3500000000000001	4.515183	8.428188

189.0	8.941176470588236	-0.30000000000000004	4.5610147	8.3640785

190.0	8.941176470588236	-0.2500000000000001	4.6063566	8.302278

191.0	8.941176470588236	-0.20000000000000007	4.651153	8.242495

192.0	8.941176470588236	-0.15000000000000002	4.6953435	8.184387

193.0	8.941176470588236	-0.10000000000000009	4.73886	8.12759

194.0	8.941176470588236	-0.050000000000000044	4.781631	8.071731

195.0	8.941176470588236	-1.1102230246251565e-16	4.823574	8.016451

196.0	8.941176470588236	0.04999999999999982	4.8646035	7.961405

197.0	8.941176470588236	0.09999999999999987	4.9046226	7.906266

198.0	8.941176470588236	0.1499999999999999	4.943529	7.8507595

199.0	8.941176470588236	0.19999999999999996	4.981211	7.7946362

200.0	8.941176470588236	0.25	5.0175495	7.737683

201.0	8.941176470588236	0.2999999999999998	5.0524173	7.679728

202.0	8.941176470588236	0.34999999999999987	5.085678	7.620636

203.0	8.941176470588236	0.3999999999999999	5.117189	7.5603004

204.0	8.941176470588236	0.44999999999999996	5.146801	7.49865

205.0	8.941176470588236	0.4999999999999998	5.1743574	7.435638

206.0	8.941176470588236	0.5499999999999998	5.1996984	7.3712397

207.0	8.941176470588236	0.5999999999999999	5.2226605	7.3054504

208.0	8.941176470588236	0.6499999999999999	5.2430787	7.2382817

209.0	8.941176470588236	0.7	5.2607884	7.169757

210.0	9.029411764705882	-1.0	3.980299	9.584929

211.0	9.029411764705882	-0.95	4.0293417	9.490566

212.0	9.029411764705882	-0.9	4.078269	9.397473

213.0	9.029411764705882	-0.85	4.127066	9.305858

214.0	9.029411764705882	-0.8	4.1757183	9.215961

215.0	9.029411764705882	-0.75	4.224208	9.128004

216.0	9.029411764705882	-0.7	4.272516	9.042224

217.0	9.029411764705882	-0.65	4.3206196	8.958845

218.0	9.029411764705882	-0.6000000000000001	4.3684964	8.878057

219.0	9.029411764705882	-0.55	4.416119	8.800019

220.0	9.029411764705882	-0.5	4.463457	8.724836

221.0	9.029411764705882	-0.45000000000000007	4.5104785	8.652548

222.0	9.029411764705882	-0.4	4.557145	8.583115

223.0	9.029411764705882	-0.3500000000000001	4.6034174	8.516423

224.0	9.029411764705882	-0.30000000000000004	4.6492496	8.452313

225.0	9.029411764705882	-0.2500000000000001	4.6945915	8.390512

226.0	9.029411764705882	-0.20000000000000007	4.739388	8.3307295

227.0	9.029411764705882	-0.15000000000000002	4.783578	8.272622

228.0	9.029411764705882	-0.10000000000000009	4.827095	8.215825

229.0	9.029411764705882	-0.050000000000000044	4.8698654	8.159965

230.0	9.029411764705882	-1.1102230246251565e-16	4.9118094	8.104687

231.0	9.029411764705882	0.04999999999999982	4.952838	8.04964

232.0	9.029411764705882	0.09999999999999987	4.9928575	7.994501

233.0	9.029411764705882	0.1499999999999999	5.031764	7.9389944

234.0	9.029411764705882	0.19999999999999996	5.069446	7.8828707

235.0	9.029411764705882	0.25	5.105785	7.8259172

236.0	9.029411764705882	0.2999999999999998	5.140652	7.767963

237.0	9.029411764705882	0.34999999999999987	5.173913	7.708871

238.0	9.029411764705882	0.3999999999999999	5.2054243	7.6485353

239.0	9.029411764705882	0.44999999999999996	5.235036	7.586885

240.0	9.029411764705882	0.4999999999999998	5.2625923	7.523873

241.0	9.029411764705882	0.5499999999999998	5.2879333	7.459475

242.0	9.029411764705882	0.5999999999999999	5.3108954	7.3936853

243.0	9.029411764705882	0.6499999999999999	5.3313136	7.3265166

244.0	9.029411764705882	0.7	5.3490233	7.257992

245.0	9.117647058823529	-1.0	4.068535	9.673165

246.0	9.117647058823529	-0.95	4.117578	9.578802

247.0	9.117647058823529	-0.9	4.166505	9.485709

248.0	9.117647058823529	-0.85	4.215302	9.3940935

249.0	9.117647058823529	-0.8	4.263954	9.304197

250.0	9.117647058823529	-0.75	4.3124437	9.21624

251.0	9.117647058823529	-0.7	4.3607516	9.13046

252.0	9.117647058823529	-0.65	4.4088554	9.047081

253.0	9.117647058823529	-0.6000000000000001	4.4567323	8.966292

254.0	9.117647058823529	-0.55	4.504355	8.888255

255.0	9.117647058823529	-0.5	4.551693	8.813072

256.0	9.117647058823529	-0.45000000000000007	4.5987144	8.740784

257.0	9.117647058823529	-0.4	4.6453815	8.6713505

258.0	9.117647058823529	-0.3500000000000001	4.6916533	8.604659

259.0	9.117647058823529	-0.30000000000000004	4.7374854	8.540549

260.0	9.117647058823529	-0.2500000000000001	4.7828274	8.478748

261.0	9.117647058823529	-0.20000000000000007	4.827624	8.418965

262.0	9.117647058823529	-0.15000000000000002	4.871814	8.360858

263.0	9.117647058823529	-0.10000000000000009	4.915331	8.304061

264.0	9.117647058823529	-0.050000000000000044	4.9581013	8.248201

265.0	9.117647058823529	-1.1102230246251565e-16	5.0000453	8.192922

266.0	9.117647058823529	0.04999999999999982	5.0410743	8.137876

267.0	9.117647058823529	0.09999999999999987	5.0810933	8.082737

268.0	9.117647058823529	0.1499999999999999	5.12	8.02723

269.0	9.117647058823529	0.19999999999999996	5.157682	7.971107

270.0	9.117647058823529	0.25	5.1940207	7.914153

271.0	9.117647058823529	0.2999999999999998	5.228888	7.856199

272.0	9.117647058823529	0.34999999999999987	5.262149	7.7971063

273.0	9.117647058823529	0.3999999999999999	5.2936597	7.736771

274.0	9.117647058823529	0.44999999999999996	5.3232718	7.675121

275.0	9.117647058823529	0.4999999999999998	5.350828	7.6121087

276.0	9.117647058823529	0.5499999999999998	5.376169	7.5477104

277.0	9.117647058823529	0.5999999999999999	5.3991313	7.481921

278.0	9.117647058823529	0.6499999999999999	5.4195495	7.4147525

279.0	9.117647058823529	0.7	5.437259	7.3462276

280.0	9.205882352941176	-1.0	4.1567698	9.7614

281.0	9.205882352941176	-0.95	4.205813	9.667038

282.0	9.205882352941176	-0.9	4.2547398	9.573943

283.0	9.205882352941176	-0.85	4.303537	9.482328

284.0	9.205882352941176	-0.8	4.352189	9.392432

285.0	9.205882352941176	-0.75	4.4006786	9.304475

286.0	9.205882352941176	-0.7	4.448986	9.218695

287.0	9.205882352941176	-0.65	4.4970903	9.135317

288.0	9.205882352941176	-0.6000000000000001	4.544967	9.054527

289.0	9.205882352941176	-0.55	4.59259	8.97649

290.0	9.205882352941176	-0.5	4.639928	8.901307

291.0	9.205882352941176	-0.45000000000000007	4.6869493	8.829019

292.0	9.205882352941176	-0.4	4.7336164	8.759585

293.0	9.205882352941176	-0.3500000000000001	4.779888	8.692894

294.0	9.205882352941176	-0.30000000000000004	4.8257203	8.628784

295.0	9.205882352941176	-0.2500000000000001	4.8710623	8.566983

296.0	9.205882352941176	-0.20000000000000007	4.9158587	8.5072

297.0	9.205882352941176	-0.15000000000000002	4.9600487	8.449093

298.0	9.205882352941176	-0.10000000000000009	5.0035663	8.392296

299.0	9.205882352941176	-0.050000000000000044	5.046336	8.336435

300.0	9.205882352941176	-1.1102230246251565e-16	5.08828	8.281157

301.0	9.205882352941176	0.04999999999999982	5.129309	8.2261095

302.0	9.205882352941176	0.09999999999999987	5.169328	8.170972

303.0	9.205882352941176	0.1499999999999999	5.208235	8.115465

304.0	9.205882352941176	0.19999999999999996	5.245917	8.059341

305.0	9.205882352941176	0.25	5.2822556	8.002388

306.0	9.205882352941176	0.2999999999999998	5.317123	7.9444337

307.0	9.205882352941176	0.34999999999999987	5.3503838	7.885341

308.0	9.205882352941176	0.3999999999999999	5.381895	7.8250055

309.0	9.205882352941176	0.44999999999999996	5.4115067	7.7633557

310.0	9.205882352941176	0.4999999999999998	5.439063	7.7003436

311.0	9.205882352941176	0.5499999999999998	5.464404	7.635946

312.0	9.205882352941176	0.5999999999999999	5.487366	7.570156

313.0	9.205882352941176	0.6499999999999999	5.5077844	7.5029874

314.0	9.205882352941176	0.7	5.525494	7.4344625

315.0	9.294117647058824	-1.0	4.2450056	9.849636

316.0	9.294117647058824	-0.95	4.294049	9.755274

317.0	9.294117647058824	-0.9	4.3429756	9.66218

318.0	9.294117647058824	-0.85	4.3917727	9.570564

319.0	9.294117647058824	-0.8	4.440425	9.480668

320.0	9.294117647058824	-0.75	4.4889145	9.392711

321.0	9.294117647058824	-0.7	4.5372224	9.306931

322.0	9.294117647058824	-0.65	4.585326	9.223552

323.0	9.294117647058824	-0.6000000000000001	4.633203	9.142763

324.0	9.294117647058824	-0.55	4.6808257	9.064725

325.0	9.294117647058824	-0.5	4.7281637	8.989543

326.0	9.294117647058824	-0.45000000000000007	4.7751846	8.917254

327.0	9.294117647058824	-0.4	4.821852	8.847821

328.0	9.294117647058824	-0.3500000000000001	4.868124	8.78113

329.0	9.294117647058824	-0.30000000000000004	4.913956	8.71702

330.0	9.294117647058824	-0.2500000000000001	4.959298	8.655219

331.0	9.294117647058824	-0.20000000000000007	5.0040946	8.595436

332.0	9.294117647058824	-0.15000000000000002	5.0482845	8.537329

333.0	9.294117647058824	-0.10000000000000009	5.0918016	8.480532

334.0	9.294117647058824	-0.050000000000000044	5.1345725	8.424672

335.0	9.294117647058824	-1.1102230246251565e-16	5.176516	8.369393

336.0	9.294117647058824	0.04999999999999982	5.217545	8.314346

337.0	9.294117647058824	0.09999999999999987	5.257564	8.259208

338.0	9.294117647058824	0.1499999999999999	5.2964706	8.203701

339.0	9.294117647058824	0.19999999999999996	5.3341527	8.147577

340.0	9.294117647058824	0.25	5.3704915	8.090624

341.0	9.294117647058824	0.2999999999999998	5.405359	8.032669

342.0	9.294117647058824	0.34999999999999987	5.4386196	7.973577

343.0	9.294117647058824	0.3999999999999999	5.470131	7.913242

344.0	9.294117647058824	0.44999999999999996	5.499742	7.8515916

345.0	9.294117647058824	0.4999999999999998	5.527299	7.7885795

346.0	9.294117647058824	0.5499999999999998	5.55264	7.724181

347.0	9.294117647058824	0.5999999999999999	5.575602	7.658392

348.0	9.294117647058824	0.6499999999999999	5.59602	7.5912232

349.0	9.294117647058824	0.7	5.61373	7.5226984

350.0	9.382352941176471	-1.0	4.3332405	9.937871

351.0	9.382352941176471	-0.95	4.382283	9.843509

352.0	9.382352941176471	-0.9	4.4312105	9.750414

353.0	9.382352941176471	-0.85	4.4800076	9.658799

354.0	9.382352941176471	-0.8	4.52866	9.568903

355.0	9.382352941176471	-0.75	4.5771494	9.480947

356.0	9.382352941176471	-0.7	4.6254573	9.395165

357.0	9.382352941176471	-0.65	4.673561	9.311787

358.0	9.382352941176471	-0.6000000000000001	4.721438	9.230999

359.0	9.382352941176471	-0.55	4.7690606	9.15296

360.0	9.382352941176471	-0.5	4.816399	9.077778

361.0	9.382352941176471	-0.45000000000000007	4.86342	9.005489

362.0	9.382352941176471	-0.4	4.9100866	8.936056

363.0	9.382352941176471	-0.3500000000000001	4.956359	8.869365

364.0	9.382352941176471	-0.30000000000000004	5.002191	8.805255

365.0	9.382352941176471	-0.2500000000000001	5.047533	8.743454

366.0	9.382352941176471	-0.20000000000000007	5.0923295	8.683671

367.0	9.382352941176471	-0.15000000000000002	5.1365194	8.625564

368.0	9.382352941176471	-0.10000000000000009	5.1800365	8.568767

369.0	9.382352941176471	-0.050000000000000044	5.222807	8.512907

370.0	9.382352941176471	-1.1102230246251565e-16	5.2647505	8.457627

371.0	9.382352941176471	0.04999999999999982	5.30578	8.402581

372.0	9.382352941176471	0.09999999999999987	5.345799	8.347443

373.0	9.382352941176471	0.1499999999999999	5.3847055	8.291936

374.0	9.382352941176471	0.19999999999999996	5.4223876	8.235812

375.0	9.382352941176471	0.25	5.4587264	8.178859

376.0	9.382352941176471	0.2999999999999998	5.4935937	8.120904

377.0	9.382352941176471	0.34999999999999987	5.5268545	8.061812

378.0	9.382352941176471	0.3999999999999999	5.5583653	8.001476

379.0	9.382352941176471	0.44999999999999996	5.587977	7.9398265

380.0	9.382352941176471	0.4999999999999998	5.615534	7.8768144

381.0	9.382352941176471	0.5499999999999998	5.640875	7.812416

382.0	9.382352941176471	0.5999999999999999	5.663837	7.746627

383.0	9.382352941176471	0.6499999999999999	5.684255	7.679458

384.0	9.382352941176471	0.7	5.701965	7.6109333

385.0	9.470588235294118	-1.0	4.4214764	10.026107

386.0	9.470588235294118	-0.95	4.470519	9.931745

387.0	9.470588235294118	-0.9	4.5194464	9.83865

388.0	9.470588235294118	-0.85	4.5682435	9.747035

389.0	9.470588235294118	-0.8	4.6168957	9.657139

390.0	9.470588235294118	-0.75	4.6653852	9.569181

391.0	9.470588235294118	-0.7	4.713693	9.483401

392.0	9.470588235294118	-0.65	4.7617974	9.400023

393.0	9.470588235294118	-0.6000000000000001	4.809674	9.319234

394.0	9.470588235294118	-0.55	4.8572965	9.241196

395.0	9.470588235294118	-0.5	4.9046345	9.166014

396.0	9.470588235294118	-0.45000000000000007	4.951656	9.093725

397.0	9.470588235294118	-0.4	4.998323	9.024292

398.0	9.470588235294118	-0.3500000000000001	5.044595	8.957601

399.0	9.470588235294118	-0.30000000000000004	5.090427	8.893491

400.0	9.470588235294118	-0.2500000000000001	5.135769	8.83169

401.0	9.470588235294118	-0.20000000000000007	5.1805654	8.771907

402.0	9.470588235294118	-0.15000000000000002	5.2247553	8.713799

403.0	9.470588235294118	-0.10000000000000009	5.2682724	8.657002

404.0	9.470588235294118	-0.050000000000000044	5.3110433	8.601143

405.0	9.470588235294118	-1.1102230246251565e-16	5.352987	8.545863

406.0	9.470588235294118	0.04999999999999982	5.394016	8.490817

407.0	9.470588235294118	0.09999999999999987	5.434035	8.4356785

408.0	9.470588235294118	0.1499999999999999	5.4729414	8.380172

409.0	9.470588235294118	0.19999999999999996	5.5106235	8.324048

410.0	9.470588235294118	0.25	5.5469623	8.267095

411.0	9.470588235294118	0.2999999999999998	5.5818295	8.20914

412.0	9.470588235294118	0.34999999999999987	5.6150904	8.150048

413.0	9.470588235294118	0.3999999999999999	5.646601	8.089712

414.0	9.470588235294118	0.44999999999999996	5.6762133	8.028063

415.0	9.470588235294118	0.4999999999999998	5.7037697	7.96505

416.0	9.470588235294118	0.5499999999999998	5.7291107	7.900652

417.0	9.470588235294118	0.5999999999999999	5.752073	7.8348627

418.0	9.470588235294118	0.6499999999999999	5.772491	7.767694

419.0	9.470588235294118	0.7	5.7902007	7.699169

420.0	9.558823529411764	-1.0	4.5097113	10.114342

421.0	9.558823529411764	-0.95	4.5587544	10.0199795

422.0	9.558823529411764	-0.9	4.6076813	9.926886

423.0	9.558823529411764	-0.85	4.6564784	9.83527

424.0	9.558823529411764	-0.8	4.7051306	9.745374

425.0	9.558823529411764	-0.75	4.75362	9.657416

426.0	9.558823529411764	-0.7	4.8019276	9.571636

427.0	9.558823529411764	-0.65	4.850032	9.488257

428.0	9.558823529411764	-0.6000000000000001	4.8979087	9.407469

429.0	9.558823529411764	-0.55	4.9455314	9.329431

430.0	9.558823529411764	-0.5	4.9928694	9.254249

431.0	9.558823529411764	-0.45000000000000007	5.039891	9.18196

432.0	9.558823529411764	-0.4	5.086558	9.112527

433.0	9.558823529411764	-0.3500000000000001	5.13283	9.0458355

434.0	9.558823529411764	-0.30000000000000004	5.178662	8.981726

435.0	9.558823529411764	-0.2500000000000001	5.224004	8.919925

436.0	9.558823529411764	-0.20000000000000007	5.2688003	8.860142

437.0	9.558823529411764	-0.15000000000000002	5.31299	8.802034

438.0	9.558823529411764	-0.10000000000000009	5.3565073	8.745237

439.0	9.558823529411764	-0.050000000000000044	5.3992777	8.689377

440.0	9.558823529411764	-1.1102230246251565e-16	5.441221	8.634098

441.0	9.558823529411764	0.04999999999999982	5.4822507	8.579052

442.0	9.558823529411764	0.09999999999999987	5.5222697	8.523913

443.0	9.558823529411764	0.1499999999999999	5.5611763	8.468407

444.0	9.558823529411764	0.19999999999999996	5.5988584	8.412283

445.0	9.558823529411764	0.25	5.635197	8.3553295

446.0	9.558823529411764	0.2999999999999998	5.6700644	8.297375

447.0	9.558823529411764	0.34999999999999987	5.7033253	8.238283

448.0	9.558823529411764	0.3999999999999999	5.7348366	8.177947

449.0	9.558823529411764	0.44999999999999996	5.7644477	8.116298

450.0	9.558823529411764	0.4999999999999998	5.7920046	8.053286

451.0	9.558823529411764	0.5499999999999998	5.8173456	7.988887

452.0	9.558823529411764	0.5999999999999999	5.8403077	7.9230976

453.0	9.558823529411764	0.6499999999999999	5.860726	7.855929

454.0	9.558823529411764	0.7	5.8784356	7.787404

455.0	9.647058823529411	-1.0	4.597946	10.202577

456.0	9.647058823529411	-0.95	4.6469893	10.108213

457.0	9.647058823529411	-0.9	4.695916	10.01512

458.0	9.647058823529411	-0.85	4.7447133	9.923505

459.0	9.647058823529411	-0.8	4.7933655	9.833609

460.0	9.647058823529411	-0.75	4.841855	9.745651

461.0	9.647058823529411	-0.7	4.890163	9.659871

462.0	9.647058823529411	-0.65	4.9382668	9.576492

463.0	9.647058823529411	-0.6000000000000001	4.9861436	9.495704

464.0	9.647058823529411	-0.55	5.0337663	9.417666

465.0	9.647058823529411	-0.5	5.0811043	9.3424835

466.0	9.647058823529411	-0.45000000000000007	5.1281257	9.270195

467.0	9.647058823529411	-0.4	5.1747923	9.200762

468.0	9.647058823529411	-0.3500000000000001	5.2210646	9.13407

469.0	9.647058823529411	-0.30000000000000004	5.2668967	9.069961

470.0	9.647058823529411	-0.2500000000000001	5.3122387	9.00816

471.0	9.647058823529411	-0.20000000000000007	5.357035	8.948377

472.0	9.647058823529411	-0.15000000000000002	5.401225	8.890269

473.0	9.647058823529411	-0.10000000000000009	5.444742	8.833472

474.0	9.647058823529411	-0.050000000000000044	5.487513	8.777612

475.0	9.647058823529411	-1.1102230246251565e-16	5.529456	8.722333

476.0	9.647058823529411	0.04999999999999982	5.5704856	8.667287

477.0	9.647058823529411	0.09999999999999987	5.6105046	8.612148

478.0	9.647058823529411	0.1499999999999999	5.649411	8.556642

479.0	9.647058823529411	0.19999999999999996	5.6870933	8.500518

480.0	9.647058823529411	0.25	5.723432	8.443564

481.0	9.647058823529411	0.2999999999999998	5.7582994	8.38561

482.0	9.647058823529411	0.34999999999999987	5.79156	8.326518

483.0	9.647058823529411	0.3999999999999999	5.8230715	8.266182

484.0	9.647058823529411	0.44999999999999996	5.852683	8.204532

485.0	9.647058823529411	0.4999999999999998	5.8802395	8.1415205

486.0	9.647058823529411	0.5499999999999998	5.9055805	8.077122

487.0	9.647058823529411	0.5999999999999999	5.9285426	8.0113325

488.0	9.647058823529411	0.6499999999999999	5.948961	7.944164

489.0	9.647058823529411	0.7	5.9666705	7.875639

490.0	9.735294117647058	-1.0	4.686182	10.2908125

491.0	9.735294117647058	-0.95	4.735225	10.196449

492.0	9.735294117647058	-0.9	4.784152	10.103355

493.0	9.735294117647058	-0.85	4.832949	10.011742

494.0	9.735294117647058	-0.8	4.8816013	9.9218445

495.0	9.735294117647058	-0.75	4.930091	9.833887

496.0	9.735294117647058	-0.7	4.978399	9.748107

497.0	9.735294117647058	-0.65	5.0265026	9.664728

498.0	9.735294117647058	-0.6000000000000001	5.0743794	9.5839405

499.0	9.735294117647058	-0.55	5.122002	9.505901

500.0	9.735294117647058	-0.5	5.1693406	9.430719

501.0	9.735294117647058	-0.45000000000000007	5.2163615	9.358431

502.0	9.735294117647058	-0.4	5.2630286	9.288998

503.0	9.735294117647058	-0.3500000000000001	5.309301	9.222306

504.0	9.735294117647058	-0.30000000000000004	5.3551326	9.158196

505.0	9.735294117647058	-0.2500000000000001	5.4004745	9.0963955

506.0	9.735294117647058	-0.20000000000000007	5.445271	9.0366125

507.0	9.735294117647058	-0.15000000000000002	5.489461	8.978505

508.0	9.735294117647058	-0.10000000000000009	5.532978	8.921708

509.0	9.735294117647058	-0.050000000000000044	5.575749	8.865849

510.0	9.735294117647058	-1.1102230246251565e-16	5.6176925	8.810569

511.0	9.735294117647058	0.04999999999999982	5.6587214	8.755523

512.0	9.735294117647058	0.09999999999999987	5.6987405	8.700384

513.0	9.735294117647058	0.1499999999999999	5.737647	8.644877

514.0	9.735294117647058	0.19999999999999996	5.775329	8.588754

515.0	9.735294117647058	0.25	5.811668	8.5318

516.0	9.735294117647058	0.2999999999999998	5.846535	8.4738455

517.0	9.735294117647058	0.34999999999999987	5.879796	8.414754

518.0	9.735294117647058	0.3999999999999999	5.9113073	8.354418

519.0	9.735294117647058	0.44999999999999996	5.940919	8.2927685

520.0	9.735294117647058	0.4999999999999998	5.9684753	8.229756

521.0	9.735294117647058	0.5499999999999998	5.9938164	8.165358

522.0	9.735294117647058	0.5999999999999999	6.0167785	8.099568

523.0	9.735294117647058	0.6499999999999999	6.0371966	8.032399

524.0	9.735294117647058	0.7	6.0549064	7.963875

525.0	9.823529411764707	-1.0	4.774417	10.379047

526.0	9.823529411764707	-0.95	4.8234596	10.284684

527.0	9.823529411764707	-0.9	4.872387	10.19159

528.0	9.823529411764707	-0.85	4.921184	10.099976

529.0	9.823529411764707	-0.8	4.969836	10.010079

530.0	9.823529411764707	-0.75	5.018326	9.922122

531.0	9.823529411764707	-0.7	5.066633	9.836342

532.0	9.823529411764707	-0.65	5.114738	9.752964

533.0	9.823529411764707	-0.6000000000000001	5.1626143	9.672174

534.0	9.823529411764707	-0.55	5.210237	9.594136

535.0	9.823529411764707	-0.5	5.257575	9.518954

536.0	9.823529411764707	-0.45000000000000007	5.3045964	9.446666

537.0	9.823529411764707	-0.4	5.3512635	9.377233

538.0	9.823529411764707	-0.3500000000000001	5.3975353	9.310541

539.0	9.823529411764707	-0.30000000000000004	5.4433675	9.246431

540.0	9.823529411764707	-0.2500000000000001	5.4887094	9.18463

541.0	9.823529411764707	-0.20000000000000007	5.533506	9.124847

542.0	9.823529411764707	-0.15000000000000002	5.5776963	9.06674

543.0	9.823529411764707	-0.10000000000000009	5.621213	9.009943

544.0	9.823529411764707	-0.050000000000000044	5.663984	8.9540825

545.0	9.823529411764707	-1.1102230246251565e-16	5.705927	8.898805

546.0	9.823529411764707	0.04999999999999982	5.7469563	8.843758

547.0	9.823529411764707	0.09999999999999987	5.7869754	8.788619

548.0	9.823529411764707	0.1499999999999999	5.825882	8.733112

549.0	9.823529411764707	0.19999999999999996	5.863564	8.676989

550.0	9.823529411764707	0.25	5.8999023	8.620035

551.0	9.823529411764707	0.2999999999999998	5.93477	8.56208

552.0	9.823529411764707	0.34999999999999987	5.968031	8.502989

553.0	9.823529411764707	0.3999999999999999	5.999542	8.442653

554.0	9.823529411764707	0.44999999999999996	6.029154	8.381003

555.0	9.823529411764707	0.4999999999999998	6.0567102	8.317991

556.0	9.823529411764707	0.5499999999999998	6.0820513	8.2535925

557.0	9.823529411764707	0.5999999999999999	6.1050134	8.187803

558.0	9.823529411764707	0.6499999999999999	6.1254315	8.120634

559.0	9.823529411764707	0.7	6.1431413	8.05211

560.0	9.911764705882353	-1.0	4.862653	10.467283

561.0	9.911764705882353	-0.95	4.911696	10.37292

562.0	9.911764705882353	-0.9	4.960623	10.279826

563.0	9.911764705882353	-0.85	5.00942	10.188211

564.0	9.911764705882353	-0.8	5.058072	10.098315

565.0	9.911764705882353	-0.75	5.1065617	10.010358

566.0	9.911764705882353	-0.7	5.154869	9.924578

567.0	9.911764705882353	-0.65	5.202974	9.841199

568.0	9.911764705882353	-0.6000000000000001	5.25085	9.76041

569.0	9.911764705882353	-0.55	5.298473	9.682372

570.0	9.911764705882353	-0.5	5.345811	9.60719

571.0	9.911764705882353	-0.45000000000000007	5.3928323	9.534902

572.0	9.911764705882353	-0.4	5.4394994	9.465468

573.0	9.911764705882353	-0.3500000000000001	5.4857717	9.398777

574.0	9.911764705882353	-0.30000000000000004	5.5316033	9.334667

575.0	9.911764705882353	-0.2500000000000001	5.5769453	9.272866

576.0	9.911764705882353	-0.20000000000000007	5.621742	9.213083

577.0	9.911764705882353	-0.15000000000000002	5.665932	9.154976

578.0	9.911764705882353	-0.10000000000000009	5.709449	9.098179

579.0	9.911764705882353	-0.050000000000000044	5.7522197	9.042319

580.0	9.911764705882353	-1.1102230246251565e-16	5.7941628	8.98704

581.0	9.911764705882353	0.04999999999999982	5.8351917	8.9319935

582.0	9.911764705882353	0.09999999999999987	5.8752112	8.876855

583.0	9.911764705882353	0.1499999999999999	5.914118	8.821348

584.0	9.911764705882353	0.19999999999999996	5.9518	8.765224

585.0	9.911764705882353	0.25	5.9881387	8.708271

586.0	9.911764705882353	0.2999999999999998	6.023006	8.650316

587.0	9.911764705882353	0.34999999999999987	6.056267	8.591225

588.0	9.911764705882353	0.3999999999999999	6.087778	8.530889

589.0	9.911764705882353	0.44999999999999996	6.1173897	8.469238

590.0	9.911764705882353	0.4999999999999998	6.144946	8.406227

591.0	9.911764705882353	0.5499999999999998	6.170287	8.341828

592.0	9.911764705882353	0.5999999999999999	6.193249	8.276039

593.0	9.911764705882353	0.6499999999999999	6.2136674	8.20887

594.0	9.911764705882353	0.7	6.231377	8.140346

595.0	10.0	-1.0	4.9508877	10.555518

596.0	10.0	-0.95	4.9999304	10.461156

597.0	10.0	-0.9	5.0488577	10.368061

598.0	10.0	-0.85	5.097655	10.276446

599.0	10.0	-0.8	5.146307	10.18655

600.0	10.0	-0.75	5.1947966	10.098593

601.0	10.0	-0.7	5.2431045	10.012813

602.0	10.0	-0.65	5.2912083	9.929434

603.0	10.0	-0.6000000000000001	5.339085	9.848646

604.0	10.0	-0.55	5.386708	9.770607

605.0	10.0	-0.5	5.434046	9.695425

606.0	10.0	-0.45000000000000007	5.481067	9.6231365

607.0	10.0	-0.4	5.527734	9.553703

608.0	10.0	-0.3500000000000001	5.574006	9.487012

609.0	10.0	-0.30000000000000004	5.619838	9.422902

610.0	10.0	-0.2500000000000001	5.66518	9.361101

611.0	10.0	-0.20000000000000007	5.7099767	9.301318

612.0	10.0	-0.15000000000000002	5.7541666	9.243211

613.0	10.0	-0.10000000000000009	5.7976837	9.186414

614.0	10.0	-0.050000000000000044	5.8404546	9.130554

615.0	10.0	-1.1102230246251565e-16	5.8823977	9.075274

616.0	10.0	0.04999999999999982	5.923427	9.020228

617.0	10.0	0.09999999999999987	5.963446	8.96509

618.0	10.0	0.1499999999999999	6.0023527	8.909583

619.0	10.0	0.19999999999999996	6.040035	8.853459

620.0	10.0	0.25	6.0763736	8.796506

621.0	10.0	0.2999999999999998	6.111241	8.738551

622.0	10.0	0.34999999999999987	6.1445017	8.67946

623.0	10.0	0.3999999999999999	6.1760125	8.619123

624.0	10.0	0.44999999999999996	6.2056246	8.557473

625.0	10.0	0.4999999999999998	6.233181	8.494461

626.0	10.0	0.5499999999999998	6.258522	8.430063

627.0	10.0	0.5999999999999999	6.281484	8.364274

628.0	10.0	0.6499999999999999	6.3019023	8.297105

629.0	10.0	0.7	6.3196115	8.22858

630.0	10.088235294117647	-1.0	5.0391226	10.643753

631.0	10.088235294117647	-0.95	5.0881658	10.549391

632.0	10.088235294117647	-0.9	5.1370926	10.456296

633.0	10.088235294117647	-0.85	5.1858897	10.364681

634.0	10.088235294117647	-0.8	5.234542	10.274785

635.0	10.088235294117647	-0.75	5.2830315	10.186829

636.0	10.088235294117647	-0.7	5.3313394	10.1010475

637.0	10.088235294117647	-0.65	5.379443	10.017669

638.0	10.088235294117647	-0.6000000000000001	5.42732	9.93688

639.0	10.088235294117647	-0.55	5.4749427	9.858842

640.0	10.088235294117647	-0.5	5.5222807	9.78366

641.0	10.088235294117647	-0.45000000000000007	5.569302	9.711371

642.0	10.088235294117647	-0.4	5.6159687	9.641938

643.0	10.088235294117647	-0.3500000000000001	5.6622415	9.575247

644.0	10.088235294117647	-0.30000000000000004	5.708073	9.511137

645.0	10.088235294117647	-0.2500000000000001	5.753415	9.449336

646.0	10.088235294117647	-0.20000000000000007	5.7982116	9.389553

647.0	10.088235294117647	-0.15000000000000002	5.842402	9.331446

648.0	10.088235294117647	-0.10000000000000009	5.8859186	9.274649

649.0	10.088235294117647	-0.050000000000000044	5.9286895	9.218789

650.0	10.088235294117647	-1.1102230246251565e-16	5.970633	9.163509

651.0	10.088235294117647	0.04999999999999982	6.011662	9.108463

652.0	10.088235294117647	0.09999999999999987	6.051681	9.053325

653.0	10.088235294117647	0.1499999999999999	6.0905876	8.997818

654.0	10.088235294117647	0.19999999999999996	6.1282697	8.941694

655.0	10.088235294117647	0.25	6.1646085	8.884741

656.0	10.088235294117647	0.2999999999999998	6.199476	8.826786

657.0	10.088235294117647	0.34999999999999987	6.2327366	8.767694

658.0	10.088235294117647	0.3999999999999999	6.264248	8.707358

659.0	10.088235294117647	0.44999999999999996	6.2938595	8.645709

660.0	10.088235294117647	0.4999999999999998	6.321416	8.582697

661.0	10.088235294117647	0.5499999999999998	6.346757	8.518298

662.0	10.088235294117647	0.5999999999999999	6.369719	8.452509

663.0	10.088235294117647	0.6499999999999999	6.390137	8.38534

664.0	10.088235294117647	0.7	6.407847	8.316815

665.0	10.176470588235293	-1.0	5.127359	10.731989

666.0	10.176470588235293	-0.95	5.176401	10.637627

667.0	10.176470588235293	-0.9	5.2253284	10.544532

668.0	10.176470588235293	-0.85	5.2741256	10.452917

669.0	10.176470588235293	-0.8	5.3227777	10.363021

670.0	10.176470588235293	-0.75	5.3712673	10.2750635

671.0	10.176470588235293	-0.7	5.419575	10.189283

672.0	10.176470588235293	-0.65	5.467679	10.105905

673.0	10.176470588235293	-0.6000000000000001	5.515556	10.025116

674.0	10.176470588235293	-0.55	5.5631785	9.947078

675.0	10.176470588235293	-0.5	5.6105165	9.871896

676.0	10.176470588235293	-0.45000000000000007	5.657538	9.799607

677.0	10.176470588235293	-0.4	5.704205	9.730174

678.0	10.176470588235293	-0.3500000000000001	5.750477	9.663483

679.0	10.176470588235293	-0.30000000000000004	5.796309	9.599373

680.0	10.176470588235293	-0.2500000000000001	5.841651	9.537572

681.0	10.176470588235293	-0.20000000000000007	5.8864474	9.477789

682.0	10.176470588235293	-0.15000000000000002	5.930638	9.419682

683.0	10.176470588235293	-0.10000000000000009	5.9741545	9.3628845

684.0	10.176470588235293	-0.050000000000000044	6.0169253	9.307024

685.0	10.176470588235293	-1.1102230246251565e-16	6.0588684	9.251745

686.0	10.176470588235293	0.04999999999999982	6.099898	9.196699

687.0	10.176470588235293	0.09999999999999987	6.139917	9.141561

688.0	10.176470588235293	0.1499999999999999	6.1788235	9.086054

689.0	10.176470588235293	0.19999999999999996	6.2165055	9.02993

690.0	10.176470588235293	0.25	6.2528443	8.972977

691.0	10.176470588235293	0.2999999999999998	6.2877116	8.915023

692.0	10.176470588235293	0.34999999999999987	6.3209724	8.85593

693.0	10.176470588235293	0.3999999999999999	6.3524833	8.795594

694.0	10.176470588235293	0.44999999999999996	6.3820953	8.733944

695.0	10.176470588235293	0.4999999999999998	6.4096518	8.670933

696.0	10.176470588235293	0.5499999999999998	6.434993	8.606534

697.0	10.176470588235293	0.5999999999999999	6.457955	8.540745

698.0	10.176470588235293	0.6499999999999999	6.478373	8.473576

699.0	10.176470588235293	0.7	6.4960823	8.405051

700.0	10.264705882352942	-1.0	5.2155933	10.820224

701.0	10.264705882352942	-0.95	5.264636	10.725861

702.0	10.264705882352942	-0.9	5.3135633	10.632767

703.0	10.264705882352942	-0.85	5.3623605	10.541152

704.0	10.264705882352942	-0.8	5.4110126	10.451256

705.0	10.264705882352942	-0.75	5.459502	10.363298

706.0	10.264705882352942	-0.7	5.50781	10.277518

707.0	10.264705882352942	-0.65	5.555914	10.1941395

708.0	10.264705882352942	-0.6000000000000001	5.6037908	10.113351

709.0	10.264705882352942	-0.55	5.651413	10.035314

710.0	10.264705882352942	-0.5	5.6987514	9.960131

711.0	10.264705882352942	-0.45000000000000007	5.745773	9.887842

712.0	10.264705882352942	-0.4	5.79244	9.818409

713.0	10.264705882352942	-0.3500000000000001	5.8387117	9.751718

714.0	10.264705882352942	-0.30000000000000004	5.884544	9.687608

715.0	10.264705882352942	-0.2500000000000001	5.929886	9.625807

716.0	10.264705882352942	-0.20000000000000007	5.9746823	9.566024

717.0	10.264705882352942	-0.15000000000000002	6.0188727	9.507916

718.0	10.264705882352942	-0.10000000000000009	6.0623894	9.451119

719.0	10.264705882352942	-0.050000000000000044	6.10516	9.395259

720.0	10.264705882352942	-1.1102230246251565e-16	6.147104	9.33998

721.0	10.264705882352942	0.04999999999999982	6.188133	9.284934

722.0	10.264705882352942	0.09999999999999987	6.228152	9.229795

723.0	10.264705882352942	0.1499999999999999	6.2670584	9.174289

724.0	10.264705882352942	0.19999999999999996	6.3047404	9.118165

725.0	10.264705882352942	0.25	6.341079	9.061212

726.0	10.264705882352942	0.2999999999999998	6.3759465	9.003257

727.0	10.264705882352942	0.34999999999999987	6.4092073	8.944165

728.0	10.264705882352942	0.3999999999999999	6.4407187	8.883829

729.0	10.264705882352942	0.44999999999999996	6.47033	8.82218

730.0	10.264705882352942	0.4999999999999998	6.4978867	8.759168

731.0	10.264705882352942	0.5499999999999998	6.5232277	8.694769

732.0	10.264705882352942	0.5999999999999999	6.54619	8.62898

733.0	10.264705882352942	0.6499999999999999	6.566608	8.5618105

734.0	10.264705882352942	0.7	6.5843177	8.493286

735.0	10.352941176470589	-1.0	5.303829	10.90846

736.0	10.352941176470589	-0.95	5.3528724	10.814096

737.0	10.352941176470589	-0.9	5.401799	10.721004

738.0	10.352941176470589	-0.85	5.4505963	10.629388

739.0	10.352941176470589	-0.8	5.4992485	10.539492

740.0	10.352941176470589	-0.75	5.547738	10.451534

741.0	10.352941176470589	-0.7	5.596046	10.365754

742.0	10.352941176470589	-0.65	5.64415	10.282375

743.0	10.352941176470589	-0.6000000000000001	5.6920266	10.201587

744.0	10.352941176470589	-0.55	5.7396493	10.1235485

745.0	10.352941176470589	-0.5	5.786988	10.048367

746.0	10.352941176470589	-0.45000000000000007	5.8340087	9.976078

747.0	10.352941176470589	-0.4	5.880676	9.906645

748.0	10.352941176470589	-0.3500000000000001	5.9269476	9.839953

749.0	10.352941176470589	-0.30000000000000004	5.9727798	9.775844

750.0	10.352941176470589	-0.2500000000000001	6.0181217	9.714043

751.0	10.352941176470589	-0.20000000000000007	6.062918	9.65426

752.0	10.352941176470589	-0.15000000000000002	6.107108	9.596152

753.0	10.352941176470589	-0.10000000000000009	6.150625	9.539355

754.0	10.352941176470589	-0.050000000000000044	6.1933956	9.483495

755.0	10.352941176470589	-1.1102230246251565e-16	6.2353396	9.428217

756.0	10.352941176470589	0.04999999999999982	6.276368	9.37317

757.0	10.352941176470589	0.09999999999999987	6.3163877	9.318031

758.0	10.352941176470589	0.1499999999999999	6.355294	9.262525

759.0	10.352941176470589	0.19999999999999996	6.3929763	9.206401

760.0	10.352941176470589	0.25	6.429315	9.149447

761.0	10.352941176470589	0.2999999999999998	6.4641824	9.091493

762.0	10.352941176470589	0.34999999999999987	6.497443	9.032401

763.0	10.352941176470589	0.3999999999999999	6.5289545	8.972065

764.0	10.352941176470589	0.44999999999999996	6.558566	8.910415

765.0	10.352941176470589	0.4999999999999998	6.5861225	8.847404

766.0	10.352941176470589	0.5499999999999998	6.6114635	8.783005

767.0	10.352941176470589	0.5999999999999999	6.6344256	8.717216

768.0	10.352941176470589	0.6499999999999999	6.654844	8.650046

769.0	10.352941176470589	0.7	6.6725535	8.581522

770.0	10.441176470588236	-1.0	5.392064	10.996695

771.0	10.441176470588236	-0.95	5.4411073	10.902332

772.0	10.441176470588236	-0.9	5.490034	10.8092375

773.0	10.441176470588236	-0.85	5.538831	10.717623

774.0	10.441176470588236	-0.8	5.5874834	10.627727

775.0	10.441176470588236	-0.75	5.635973	10.53977

776.0	10.441176470588236	-0.7	5.684281	10.453989

777.0	10.441176470588236	-0.65	5.7323847	10.37061

778.0	10.441176470588236	-0.6000000000000001	5.7802615	10.289822

779.0	10.441176470588236	-0.55	5.827884	10.211783

780.0	10.441176470588236	-0.5	5.8752227	10.136601

781.0	10.441176470588236	-0.45000000000000007	5.9222436	10.064313

782.0	10.441176470588236	-0.4	5.9689107	9.99488

783.0	10.441176470588236	-0.3500000000000001	6.015183	9.928188

784.0	10.441176470588236	-0.30000000000000004	6.0610147	9.8640785

785.0	10.441176470588236	-0.2500000000000001	6.1063566	9.802278

786.0	10.441176470588236	-0.20000000000000007	6.151153	9.742495

787.0	10.441176470588236	-0.15000000000000002	6.1953435	9.684387

788.0	10.441176470588236	-0.10000000000000009	6.2388606	9.62759

789.0	10.441176470588236	-0.050000000000000044	6.2816305	9.571731

790.0	10.441176470588236	-1.1102230246251565e-16	6.3235745	9.516451

791.0	10.441176470588236	0.04999999999999982	6.3646035	9.461405

792.0	10.441176470588236	0.09999999999999987	6.4046226	9.406266

793.0	10.441176470588236	0.1499999999999999	6.443529	9.3507595

794.0	10.441176470588236	0.19999999999999996	6.481211	9.294636

795.0	10.441176470588236	0.25	6.51755	9.237682

796.0	10.441176470588236	0.2999999999999998	6.5524173	9.179728

797.0	10.441176470588236	0.34999999999999987	6.585678	9.120636

798.0	10.441176470588236	0.3999999999999999	6.6171894	9.0603

799.0	10.441176470588236	0.44999999999999996	6.646801	8.99865

800.0	10.441176470588236	0.4999999999999998	6.6743574	8.935638

801.0	10.441176470588236	0.5499999999999998	6.6996984	8.87124

802.0	10.441176470588236	0.5999999999999999	6.7226605	8.80545

803.0	10.441176470588236	0.6499999999999999	6.7430787	8.738281

804.0	10.441176470588236	0.7	6.760788	8.669757

805.0	10.529411764705882	-1.0	5.480299	11.084929

806.0	10.529411764705882	-0.95	5.5293417	10.990566

807.0	10.529411764705882	-0.9	5.578269	10.897472

808.0	10.529411764705882	-0.85	5.627066	10.805858

809.0	10.529411764705882	-0.8	5.6757183	10.715961

810.0	10.529411764705882	-0.75	5.724208	10.628004

811.0	10.529411764705882	-0.7	5.7725153	10.542224

812.0	10.529411764705882	-0.65	5.8206196	10.458845

813.0	10.529411764705882	-0.6000000000000001	5.8684964	10.378057

814.0	10.529411764705882	-0.55	5.916119	10.300018

815.0	10.529411764705882	-0.5	5.963457	10.224836

816.0	10.529411764705882	-0.45000000000000007	6.0104785	10.152548

817.0	10.529411764705882	-0.4	6.0571456	10.083115

818.0	10.529411764705882	-0.3500000000000001	6.1034174	10.016423

819.0	10.529411764705882	-0.30000000000000004	6.1492496	9.952313

820.0	10.529411764705882	-0.2500000000000001	6.1945915	9.890512

821.0	10.529411764705882	-0.20000000000000007	6.239388	9.8307295

822.0	10.529411764705882	-0.15000000000000002	6.283578	9.772622

823.0	10.529411764705882	-0.10000000000000009	6.327095	9.715825

824.0	10.529411764705882	-0.050000000000000044	6.3698654	9.6599655

825.0	10.529411764705882	-1.1102230246251565e-16	6.411809	9.604686

826.0	10.529411764705882	0.04999999999999982	6.4528384	9.54964

827.0	10.529411764705882	0.09999999999999987	6.4928575	9.494501

828.0	10.529411764705882	0.1499999999999999	6.531764	9.438994

829.0	10.529411764705882	0.19999999999999996	6.569446	9.382871

830.0	10.529411764705882	0.25	6.605785	9.325917

831.0	10.529411764705882	0.2999999999999998	6.640652	9.267962

832.0	10.529411764705882	0.34999999999999987	6.673913	9.208871

833.0	10.529411764705882	0.3999999999999999	6.7054243	9.148535

834.0	10.529411764705882	0.44999999999999996	6.735036	9.0868845

835.0	10.529411764705882	0.4999999999999998	6.7625923	9.023873

836.0	10.529411764705882	0.5499999999999998	6.7879333	8.959475

837.0	10.529411764705882	0.5999999999999999	6.8108954	8.893685

838.0	10.529411764705882	0.6499999999999999	6.8313136	8.826516

839.0	10.529411764705882	0.7	6.8490233	8.757992

840.0	10.617647058823529	-1.0	5.568535	11.173165

841.0	10.617647058823529	-0.95	5.617578	11.078803

842.0	10.617647058823529	-0.9	5.666505	10.985708

843.0	10.617647058823529	-0.85	5.715302	10.8940935

844.0	10.617647058823529	-0.8	5.763954	10.804197

845.0	10.617647058823529	-0.75	5.8124437	10.716241

846.0	10.617647058823529	-0.7	5.8607516	10.63046

847.0	10.617647058823529	-0.65	5.9088554	10.547081

848.0	10.617647058823529	-0.6000000000000001	5.9567323	10.466293

849.0	10.617647058823529	-0.55	6.004355	10.388255

850.0	10.617647058823529	-0.5	6.051693	10.313072

851.0	10.617647058823529	-0.45000000000000007	6.0987144	10.240784

852.0	10.617647058823529	-0.4	6.1453815	10.1713505

853.0	10.617647058823529	-0.3500000000000001	6.1916533	10.104659

854.0	10.617647058823529	-0.30000000000000004	6.2374854	10.040549

855.0	10.617647058823529	-0.2500000000000001	6.2828274	9.978748

856.0	10.617647058823529	-0.20000000000000007	6.327624	9.918965

857.0	10.617647058823529	-0.15000000000000002	6.371814	9.860858

858.0	10.617647058823529	-0.10000000000000009	6.415331	9.804061

859.0	10.617647058823529	-0.050000000000000044	6.4581017	9.748201

860.0	10.617647058823529	-1.1102230246251565e-16	6.5000453	9.692922

861.0	10.617647058823529	0.04999999999999982	6.5410743	9.637876

862.0	10.617647058823529	0.09999999999999987	6.5810933	9.582737

863.0	10.617647058823529	0.1499999999999999	6.62	9.52723

864.0	10.617647058823529	0.19999999999999996	6.657682	9.471107

865.0	10.617647058823529	0.25	6.6940207	9.414153

866.0	10.617647058823529	0.2999999999999998	6.728888	9.356198

867.0	10.617647058823529	0.34999999999999987	6.762149	9.297107

868.0	10.617647058823529	0.3999999999999999	6.7936597	9.236771

869.0	10.617647058823529	0.44999999999999996	6.8232718	9.17512

870.0	10.617647058823529	0.4999999999999998	6.850828	9.112109

871.0	10.617647058823529	0.5499999999999998	6.876169	9.04771

872.0	10.617647058823529	0.5999999999999999	6.8991313	8.981921

873.0	10.617647058823529	0.6499999999999999	6.9195495	8.914752

874.0	10.617647058823529	0.7	6.937259	8.846228

875.0	10.705882352941178	-1.0	5.6567698	11.2614

876.0	10.705882352941178	-0.95	5.705813	11.167037

877.0	10.705882352941178	-0.9	5.7547398	11.073943

878.0	10.705882352941178	-0.85	5.803537	10.982328

879.0	10.705882352941178	-0.8	5.852189	10.892432

880.0	10.705882352941178	-0.75	5.9006786	10.804475

881.0	10.705882352941178	-0.7	5.9489865	10.718695

882.0	10.705882352941178	-0.65	5.997091	10.635316

883.0	10.705882352941178	-0.6000000000000001	6.044967	10.554527

884.0	10.705882352941178	-0.55	6.09259	10.476489

885.0	10.705882352941178	-0.5	6.139928	10.401307

886.0	10.705882352941178	-0.45000000000000007	6.1869493	10.329019

887.0	10.705882352941178	-0.4	6.2336164	10.259585

888.0	10.705882352941178	-0.3500000000000001	6.279888	10.192894

889.0	10.705882352941178	-0.30000000000000004	6.3257203	10.128784

890.0	10.705882352941178	-0.2500000000000001	6.3710623	10.066983

891.0	10.705882352941178	-0.20000000000000007	6.4158587	10.0072

892.0	10.705882352941178	-0.15000000000000002	6.4600487	9.949093

893.0	10.705882352941178	-0.10000000000000009	6.503566	9.892296

894.0	10.705882352941178	-0.050000000000000044	6.5463367	9.836436

895.0	10.705882352941178	-1.1102230246251565e-16	6.58828	9.7811575

896.0	10.705882352941178	0.04999999999999982	6.629309	9.72611

897.0	10.705882352941178	0.09999999999999987	6.669328	9.670972

898.0	10.705882352941178	0.1499999999999999	6.708235	9.615465

899.0	10.705882352941178	0.19999999999999996	6.745917	9.559341

900.0	10.705882352941178	0.25	6.7822556	9.502388

901.0	10.705882352941178	0.2999999999999998	6.817123	9.444433

902.0	10.705882352941178	0.34999999999999987	6.8503838	9.385342

903.0	10.705882352941178	0.3999999999999999	6.8818946	9.325006

904.0	10.705882352941178	0.44999999999999996	6.9115067	9.263355

905.0	10.705882352941178	0.4999999999999998	6.939063	9.200344

906.0	10.705882352941178	0.5499999999999998	6.964404	9.135945

907.0	10.705882352941178	0.5999999999999999	6.987366	9.070156

908.0	10.705882352941178	0.6499999999999999	7.0077844	9.002987

909.0	10.705882352941178	0.7	7.025494	8.934463

910.0	10.794117647058824	-1.0	5.7450056	11.349636

911.0	10.794117647058824	-0.95	5.794049	11.255274

912.0	10.794117647058824	-0.9	5.8429756	11.162179

913.0	10.794117647058824	-0.85	5.8917727	11.070564

914.0	10.794117647058824	-0.8	5.940425	10.980668

915.0	10.794117647058824	-0.75	5.9889145	10.892711

916.0	10.794117647058824	-0.7	6.0372224	10.806931

917.0	10.794117647058824	-0.65	6.085326	10.723552

918.0	10.794117647058824	-0.6000000000000001	6.133203	10.642763

919.0	10.794117647058824	-0.55	6.1808257	10.564726

920.0	10.794117647058824	-0.5	6.2281637	10.489543

921.0	10.794117647058824	-0.45000000000000007	6.275185	10.417254

922.0	10.794117647058824	-0.4	6.321852	10.347822

923.0	10.794117647058824	-0.3500000000000001	6.368124	10.28113

924.0	10.794117647058824	-0.30000000000000004	6.413956	10.21702

925.0	10.794117647058824	-0.2500000000000001	6.459298	10.155219

926.0	10.794117647058824	-0.20000000000000007	6.5040946	10.095436

927.0	10.794117647058824	-0.15000000000000002	6.5482845	10.037329

928.0	10.794117647058824	-0.10000000000000009	6.5918016	9.980532

929.0	10.794117647058824	-0.050000000000000044	6.634572	9.924672

930.0	10.794117647058824	-1.1102230246251565e-16	6.676516	9.869393

931.0	10.794117647058824	0.04999999999999982	6.717545	9.814346

932.0	10.794117647058824	0.09999999999999987	6.757564	9.759208

933.0	10.794117647058824	0.1499999999999999	6.7964706	9.703701

934.0	10.794117647058824	0.19999999999999996	6.8341527	9.647577

935.0	10.794117647058824	0.25	6.8704915	9.590624

936.0	10.794117647058824	0.2999999999999998	6.905359	9.532669

937.0	10.794117647058824	0.34999999999999987	6.9386196	9.4735775

938.0	10.794117647058824	0.3999999999999999	6.970131	9.413241

939.0	10.794117647058824	0.44999999999999996	6.9997425	9.351591

940.0	10.794117647058824	0.4999999999999998	7.027299	9.28858

941.0	10.794117647058824	0.5499999999999998	7.05264	9.224181

942.0	10.794117647058824	0.5999999999999999	7.075602	9.158392

943.0	10.794117647058824	0.6499999999999999	7.09602	9.091223

944.0	10.794117647058824	0.7	7.11373	9.022698

945.0	10.882352941176471	-1.0	5.8332405	11.437871

946.0	10.882352941176471	-0.95	5.8822837	11.343508

947.0	10.882352941176471	-0.9	5.9312105	11.250414

948.0	10.882352941176471	-0.85	5.9800076	11.158799

949.0	10.882352941176471	-0.8	6.02866	11.068903

950.0	10.882352941176471	-0.75	6.0771494	10.980946

951.0	10.882352941176471	-0.7	6.1254573	10.895165

952.0	10.882352941176471	-0.65	6.173561	10.811788

953.0	10.882352941176471	-0.6000000000000001	6.221438	10.730998

954.0	10.882352941176471	-0.55	6.2690606	10.652961

955.0	10.882352941176471	-0.5	6.3163986	10.577778

956.0	10.882352941176471	-0.45000000000000007	6.3634195	10.505489

957.0	10.882352941176471	-0.4	6.410087	10.436056

958.0	10.882352941176471	-0.3500000000000001	6.456359	10.369365

959.0	10.882352941176471	-0.30000000000000004	6.502191	10.305255

960.0	10.882352941176471	-0.2500000000000001	6.547533	10.243454

961.0	10.882352941176471	-0.20000000000000007	6.5923295	10.183671

962.0	10.882352941176471	-0.15000000000000002	6.63652	10.125564

963.0	10.882352941176471	-0.10000000000000009	6.6800365	10.068767

964.0	10.882352941176471	-0.050000000000000044	6.722807	10.012907

965.0	10.882352941176471	-1.1102230246251565e-16	6.764751	9.957627

966.0	10.882352941176471	0.04999999999999982	6.8057795	9.902581

967.0	10.882352941176471	0.09999999999999987	6.845799	9.847443

968.0	10.882352941176471	0.1499999999999999	6.8847055	9.791936

969.0	10.882352941176471	0.19999999999999996	6.9223876	9.735812

970.0	10.882352941176471	0.25	6.9587264	9.678859

971.0	10.882352941176471	0.2999999999999998	6.9935937	9.620904

972.0	10.882352941176471	0.34999999999999987	7.0268545	9.561812

973.0	10.882352941176471	0.3999999999999999	7.0583653	9.501476

974.0	10.882352941176471	0.44999999999999996	7.0879774	9.439826

975.0	10.882352941176471	0.4999999999999998	7.115534	9.376815

976.0	10.882352941176471	0.5499999999999998	7.140875	9.312416

977.0	10.882352941176471	0.5999999999999999	7.163837	9.246627

978.0	10.882352941176471	0.6499999999999999	7.184255	9.179458

979.0	10.882352941176471	0.7	7.201965	9.110933

980.0	10.970588235294118	-1.0	5.9214764	11.526107

981.0	10.970588235294118	-0.95	5.9705195	11.431745

982.0	10.970588235294118	-0.9	6.0194464	11.33865

983.0	10.970588235294118	-0.85	6.0682435	11.247035

984.0	10.970588235294118	-0.8	6.1168957	11.157139

985.0	10.970588235294118	-0.75	6.1653852	11.069181

986.0	10.970588235294118	-0.7	6.2136927	10.983401

987.0	10.970588235294118	-0.65	6.261797	10.9000225

988.0	10.970588235294118	-0.6000000000000001	6.309674	10.819234

989.0	10.970588235294118	-0.55	6.3572965	10.741196

990.0	10.970588235294118	-0.5	6.4046345	10.666014

991.0	10.970588235294118	-0.45000000000000007	6.451656	10.593725

992.0	10.970588235294118	-0.4	6.498323	10.524292

993.0	10.970588235294118	-0.3500000000000001	6.544595	10.457601

994.0	10.970588235294118	-0.30000000000000004	6.590427	10.393491

995.0	10.970588235294118	-0.2500000000000001	6.635769	10.33169

996.0	10.970588235294118	-0.20000000000000007	6.6805654	10.271907

997.0	10.970588235294118	-0.15000000000000002	6.7247553	10.213799

998.0	10.970588235294118	-0.10000000000000009	6.768273	10.157002

999.0	10.970588235294118	-0.050000000000000044	6.811043	10.101143

1000.0	10.970588235294118	-1.1102230246251565e-16	6.852987	10.045863

1001.0	10.970588235294118	0.04999999999999982	6.894016	9.990816

1002.0	10.970588235294118	0.09999999999999987	6.934035	9.9356785

1003.0	10.970588235294118	0.1499999999999999	6.9729414	9.880172

1004.0	10.970588235294118	0.19999999999999996	7.0106235	9.824048

1005.0	10.970588235294118	0.25	7.0469623	9.767095

1006.0	10.970588235294118	0.2999999999999998	7.0818295	9.70914

1007.0	10.970588235294118	0.34999999999999987	7.1150904	9.650048

1008.0	10.970588235294118	0.3999999999999999	7.146601	9.589712

1009.0	10.970588235294118	0.44999999999999996	7.176213	9.528062

1010.0	10.970588235294118	0.4999999999999998	7.2037697	9.465051

1011.0	10.970588235294118	0.5499999999999998	7.2291107	9.400652

1012.0	10.970588235294118	0.5999999999999999	7.252073	9.334863

1013.0	10.970588235294118	0.6499999999999999	7.272491	9.2676935

1014.0	10.970588235294118	0.7	7.2902007	9.199169

1015.0	11.058823529411764	-1.0	6.0097117	11.614342

1016.0	11.058823529411764	-0.95	6.058754	11.519979

1017.0	11.058823529411764	-0.9	6.1076813	11.426885

1018.0	11.058823529411764	-0.85	6.1564784	11.33527

1019.0	11.058823529411764	-0.8	6.2051306	11.245374

1020.0	11.058823529411764	-0.75	6.25362	11.157416

1021.0	11.058823529411764	-0.7	6.301928	11.071636

1022.0	11.058823529411764	-0.65	6.350032	10.988258

1023.0	11.058823529411764	-0.6000000000000001	6.3979087	10.90747

1024.0	11.058823529411764	-0.55	6.4455314	10.829432

1025.0	11.058823529411764	-0.5	6.4928694	10.754249

1026.0	11.058823529411764	-0.45000000000000007	6.539891	10.68196

1027.0	11.058823529411764	-0.4	6.586558	10.612527

1028.0	11.058823529411764	-0.3500000000000001	6.6328297	10.5458355

1029.0	11.058823529411764	-0.30000000000000004	6.678662	10.481726

1030.0	11.058823529411764	-0.2500000000000001	6.724004	10.419925

1031.0	11.058823529411764	-0.20000000000000007	6.7688003	10.360142

1032.0	11.058823529411764	-0.15000000000000002	6.81299	10.302034

1033.0	11.058823529411764	-0.10000000000000009	6.8565073	10.245237

1034.0	11.058823529411764	-0.050000000000000044	6.8992777	10.189377

1035.0	11.058823529411764	-1.1102230246251565e-16	6.9412217	10.134098

1036.0	11.058823529411764	0.04999999999999982	6.9822507	10.079052

1037.0	11.058823529411764	0.09999999999999987	7.0222697	10.023913

1038.0	11.058823529411764	0.1499999999999999	7.0611763	9.968407

1039.0	11.058823529411764	0.19999999999999996	7.0988584	9.912283

1040.0	11.058823529411764	0.25	7.135197	9.8553295

1041.0	11.058823529411764	0.2999999999999998	7.1700644	9.797375

1042.0	11.058823529411764	0.34999999999999987	7.2033253	9.738283

1043.0	11.058823529411764	0.3999999999999999	7.2348366	9.677947

1044.0	11.058823529411764	0.44999999999999996	7.2644477	9.616297

1045.0	11.058823529411764	0.4999999999999998	7.2920046	9.553286

1046.0	11.058823529411764	0.5499999999999998	7.3173456	9.488887

1047.0	11.058823529411764	0.5999999999999999	7.3403077	9.423098

1048.0	11.058823529411764	0.6499999999999999	7.360726	9.355928

1049.0	11.058823529411764	0.7	7.3784356	9.287404

1050.0	11.147058823529413	-1.0	6.097946	11.702577

1051.0	11.147058823529413	-0.95	6.1469893	11.608213

1052.0	11.147058823529413	-0.9	6.195916	11.5151205

1053.0	11.147058823529413	-0.85	6.2447133	11.423505

1054.0	11.147058823529413	-0.8	6.2933655	11.333609

1055.0	11.147058823529413	-0.75	6.341855	11.245651

1056.0	11.147058823529413	-0.7	6.390163	11.159871

1057.0	11.147058823529413	-0.65	6.438267	11.076492

1058.0	11.147058823529413	-0.6000000000000001	6.4861436	10.995704

1059.0	11.147058823529413	-0.55	6.5337663	10.9176655

1060.0	11.147058823529413	-0.5	6.5811043	10.8424835

1061.0	11.147058823529413	-0.45000000000000007	6.6281257	10.770195

1062.0	11.147058823529413	-0.4	6.674793	10.700762

1063.0	11.147058823529413	-0.3500000000000001	6.7210646	10.63407

1064.0	11.147058823529413	-0.30000000000000004	6.7668967	10.569961

1065.0	11.147058823529413	-0.2500000000000001	6.8122387	10.50816

1066.0	11.147058823529413	-0.20000000000000007	6.857035	10.448377

1067.0	11.147058823529413	-0.15000000000000002	6.9012256	10.390269

1068.0	11.147058823529413	-0.10000000000000009	6.9447427	10.333472

1069.0	11.147058823529413	-0.050000000000000044	6.9875126	10.277613

1070.0	11.147058823529413	-1.1102230246251565e-16	7.029456	10.222333

1071.0	11.147058823529413	0.04999999999999982	7.0704856	10.167287

1072.0	11.147058823529413	0.09999999999999987	7.1105046	10.112148

1073.0	11.147058823529413	0.1499999999999999	7.149411	10.056642

1074.0	11.147058823529413	0.19999999999999996	7.1870933	10.000518

1075.0	11.147058823529413	0.25	7.223432	9.943564

1076.0	11.147058823529413	0.2999999999999998	7.2582994	9.88561

1077.0	11.147058823529413	0.34999999999999987	7.29156	9.826518

1078.0	11.147058823529413	0.3999999999999999	7.323071	9.766182

1079.0	11.147058823529413	0.44999999999999996	7.3526826	9.704532

1080.0	11.147058823529413	0.4999999999999998	7.3802395	9.6415205

1081.0	11.147058823529413	0.5499999999999998	7.4055805	9.577122

1082.0	11.147058823529413	0.5999999999999999	7.4285426	9.5113325

1083.0	11.147058823529413	0.6499999999999999	7.448961	9.444163

1084.0	11.147058823529413	0.7	7.4666705	9.375639

1085.0	11.235294117647058	-1.0	6.186182	11.7908125

1086.0	11.235294117647058	-0.95	6.2352247	11.69645

1087.0	11.235294117647058	-0.9	6.284152	11.603356

1088.0	11.235294117647058	-0.85	6.332949	11.511741

1089.0	11.235294117647058	-0.8	6.3816013	11.4218445

1090.0	11.235294117647058	-0.75	6.430091	11.333887

1091.0	11.235294117647058	-0.7	6.4783983	11.248107

1092.0	11.235294117647058	-0.65	6.5265026	11.164728

1093.0	11.235294117647058	-0.6000000000000001	6.5743794	11.0839405

1094.0	11.235294117647058	-0.55	6.622002	11.005901

1095.0	11.235294117647058	-0.5	6.66934	10.930719

1096.0	11.235294117647058	-0.45000000000000007	6.7163615	10.858431

1097.0	11.235294117647058	-0.4	6.763028	10.788998

1098.0	11.235294117647058	-0.3500000000000001	6.8093004	10.722306

1099.0	11.235294117647058	-0.30000000000000004	6.8551326	10.658196

1100.0	11.235294117647058	-0.2500000000000001	6.9004745	10.5963955

1101.0	11.235294117647058	-0.20000000000000007	6.945271	10.5366125

1102.0	11.235294117647058	-0.15000000000000002	6.989461	10.478505

1103.0	11.235294117647058	-0.10000000000000009	7.032978	10.421708

1104.0	11.235294117647058	-0.050000000000000044	7.075749	10.365848

1105.0	11.235294117647058	-1.1102230246251565e-16	7.117692	10.310569

1106.0	11.235294117647058	0.04999999999999982	7.1587214	10.255523

1107.0	11.235294117647058	0.09999999999999987	7.1987405	10.200384

1108.0	11.235294117647058	0.1499999999999999	7.237647	10.144877

1109.0	11.235294117647058	0.19999999999999996	7.275329	10.088754

1110.0	11.235294117647058	0.25	7.311668	10.0318

1111.0	11.235294117647058	0.2999999999999998	7.346535	9.9738455

1112.0	11.235294117647058	0.34999999999999987	7.379796	9.914754

1113.0	11.235294117647058	0.3999999999999999	7.411307	9.854418

1114.0	11.235294117647058	0.44999999999999996	7.440919	9.792768

1115.0	11.235294117647058	0.4999999999999998	7.4684753	9.729756

1116.0	11.235294117647058	0.5499999999999998	7.4938164	9.665358

1117.0	11.235294117647058	0.5999999999999999	7.5167785	9.599568

1118.0	11.235294117647058	0.6499999999999999	7.5371966	9.532399

1119.0	11.235294117647058	0.7	7.554906	9.463875

1120.0	11.323529411764707	-1.0	6.274417	11.879047

1121.0	11.323529411764707	-0.95	6.32346	11.784685

1122.0	11.323529411764707	-0.9	6.372387	11.69159

1123.0	11.323529411764707	-0.85	6.421184	11.599976

1124.0	11.323529411764707	-0.8	6.469836	11.510079

1125.0	11.323529411764707	-0.75	6.518326	11.422122

1126.0	11.323529411764707	-0.7	6.5666337	11.336342

1127.0	11.323529411764707	-0.65	6.6147375	11.252963

1128.0	11.323529411764707	-0.6000000000000001	6.6626143	11.172174

1129.0	11.323529411764707	-0.55	6.710237	11.094136

1130.0	11.323529411764707	-0.5	6.757575	11.018954

1131.0	11.323529411764707	-0.45000000000000007	6.8045964	10.946666

1132.0	11.323529411764707	-0.4	6.8512635	10.877233

1133.0	11.323529411764707	-0.3500000000000001	6.8975353	10.810541

1134.0	11.323529411764707	-0.30000000000000004	6.9433675	10.746431

1135.0	11.323529411764707	-0.2500000000000001	6.9887094	10.68463

1136.0	11.323529411764707	-0.20000000000000007	7.033506	10.624847

1137.0	11.323529411764707	-0.15000000000000002	7.077696	10.56674

1138.0	11.323529411764707	-0.10000000000000009	7.121213	10.509943

1139.0	11.323529411764707	-0.050000000000000044	7.163984	10.454083

1140.0	11.323529411764707	-1.1102230246251565e-16	7.2059274	10.398804

1141.0	11.323529411764707	0.04999999999999982	7.2469563	10.343758

1142.0	11.323529411764707	0.09999999999999987	7.2869754	10.288619

1143.0	11.323529411764707	0.1499999999999999	7.325882	10.233112

1144.0	11.323529411764707	0.19999999999999996	7.363564	10.176989

1145.0	11.323529411764707	0.25	7.399903	10.120035

1146.0	11.323529411764707	0.2999999999999998	7.43477	10.06208

1147.0	11.323529411764707	0.34999999999999987	7.468031	10.002989

1148.0	11.323529411764707	0.3999999999999999	7.4995418	9.942653

1149.0	11.323529411764707	0.44999999999999996	7.529154	9.881002

1150.0	11.323529411764707	0.4999999999999998	7.5567102	9.817991

1151.0	11.323529411764707	0.5499999999999998	7.5820513	9.7535925

1152.0	11.323529411764707	0.5999999999999999	7.6050134	9.687803

1153.0	11.323529411764707	0.6499999999999999	7.6254315	9.620634

1154.0	11.323529411764707	0.7	7.6431413	9.55211

1155.0	11.411764705882353	-1.0	6.362653	11.967283

1156.0	11.411764705882353	-0.95	6.4116955	11.87292

1157.0	11.411764705882353	-0.9	6.460623	11.779826

1158.0	11.411764705882353	-0.85	6.50942	11.688211

1159.0	11.411764705882353	-0.8	6.558072	11.598316

1160.0	11.411764705882353	-0.75	6.6065617	11.510359

1161.0	11.411764705882353	-0.7	6.6548696	11.424578

1162.0	11.411764705882353	-0.65	6.7029734	11.341199

1163.0	11.411764705882353	-0.6000000000000001	6.75085	11.26041

1164.0	11.411764705882353	-0.55	6.798473	11.182372

1165.0	11.411764705882353	-0.5	6.845811	11.10719

1166.0	11.411764705882353	-0.45000000000000007	6.8928323	11.034902

1167.0	11.411764705882353	-0.4	6.9394994	10.965468

1168.0	11.411764705882353	-0.3500000000000001	6.985771	10.898777

1169.0	11.411764705882353	-0.30000000000000004	7.0316033	10.834667

1170.0	11.411764705882353	-0.2500000000000001	7.0769453	10.772866

1171.0	11.411764705882353	-0.20000000000000007	7.121742	10.713083

1172.0	11.411764705882353	-0.15000000000000002	7.165932	10.654976

1173.0	11.411764705882353	-0.10000000000000009	7.209449	10.598179

1174.0	11.411764705882353	-0.050000000000000044	7.2522197	10.542318

1175.0	11.411764705882353	-1.1102230246251565e-16	7.294163	10.48704

1176.0	11.411764705882353	0.04999999999999982	7.335192	10.4319935

1177.0	11.411764705882353	0.09999999999999987	7.3752112	10.376855

1178.0	11.411764705882353	0.1499999999999999	7.414118	10.321348

1179.0	11.411764705882353	0.19999999999999996	7.4518	10.265224

1180.0	11.411764705882353	0.25	7.4881387	10.208271

1181.0	11.411764705882353	0.2999999999999998	7.523006	10.150316

1182.0	11.411764705882353	0.34999999999999987	7.556267	10.091225

1183.0	11.411764705882353	0.3999999999999999	7.5877776	10.030889

1184.0	11.411764705882353	0.44999999999999996	7.6173897	9.969238

1185.0	11.411764705882353	0.4999999999999998	7.644946	9.906227

1186.0	11.411764705882353	0.5499999999999998	7.670287	9.841828

1187.0	11.411764705882353	0.5999999999999999	7.693249	9.776039

1188.0	11.411764705882353	0.6499999999999999	7.7136674	9.70887

1189.0	11.411764705882353	0.7	7.731377	9.640346

1190.0	11.5	-1.0	6.4508877	12.055518

1191.0	11.5	-0.95	6.499931	11.961156

1192.0	11.5	-0.9	6.5488577	11.868061

1193.0	11.5	-0.85	6.597655	11.776446

1194.0	11.5	-0.8	6.646307	11.68655

1195.0	11.5	-0.75	6.6947966	11.598594

1196.0	11.5	-0.7	6.7431045	11.512813

1197.0	11.5	-0.65	6.7912087	11.429434

1198.0	11.5	-0.6000000000000001	6.839085	11.348646

1199.0	11.5	-0.55	6.886708	11.270607

1200.0	11.5	-0.5	6.9340463	11.195425

1201.0	11.5	-0.45000000000000007	6.981067	11.1231365

1202.0	11.5	-0.4	7.0277343	11.053703

1203.0	11.5	-0.3500000000000001	7.074006	10.987012

1204.0	11.5	-0.30000000000000004	7.119838	10.922902

1205.0	11.5	-0.2500000000000001	7.16518	10.861101

1206.0	11.5	-0.20000000000000007	7.2099767	10.801318

1207.0	11.5	-0.15000000000000002	7.254167	10.743211

1208.0	11.5	-0.10000000000000009	7.297684	10.686414

1209.0	11.5	-0.050000000000000044	7.3404546	10.630554

1210.0	11.5	-1.1102230246251565e-16	7.382398	10.575274

1211.0	11.5	0.04999999999999982	7.423427	10.520228

1212.0	11.5	0.09999999999999987	7.463446	10.46509

1213.0	11.5	0.1499999999999999	7.5023527	10.409583

1214.0	11.5	0.19999999999999996	7.540035	10.353459

1215.0	11.5	0.25	7.5763736	10.296506

1216.0	11.5	0.2999999999999998	7.611241	10.238551

1217.0	11.5	0.34999999999999987	7.6445017	10.17946

1218.0	11.5	0.3999999999999999	7.676013	10.119123

1219.0	11.5	0.44999999999999996	7.7056246	10.057474

1220.0	11.5	0.4999999999999998	7.733181	9.994462

1221.0	11.5	0.5499999999999998	7.758522	9.930063

1222.0	11.5	0.5999999999999999	7.781484	9.864274

1223.0	11.5	0.6499999999999999	7.8019023	9.797105

1224.0	11.5	0.7	7.819612	9.72858
